3.124999999999997918e-02
3.124999999999997918e-02
3.124999999999997918e-02
3.124999999999997918e-02
3.124999999999997918e-02
3.124999999999997918e-02
3.124999999999997918e-02
3.124999999999997918e-02
3.124999999999997918e-02
3.124999999999997918e-02
3.124999999999997918e-02
3.124999999999997918e-02
3.124999999999997918e-02
3.124999999999997918e-02
3.124999999999997918e-02
3.124999999999997918e-02
3.124999999999997918e-02
3.124999999999997918e-02
3.124999999999997918e-02
3.124999999999997918e-02
3.124999999999997918e-02
3.124999999999997918e-02
3.124999999999997918e-02
3.124999999999997918e-02
3.124999999999997918e-02
3.124999999999997918e-02
3.124999999999997918e-02
3.124999999999997918e-02
3.124999999999997918e-02
3.124999999999997918e-02
3.124999999999997918e-02
3.124999999999997918e-02
